#Position	HLA_type	Gene	Transcript_name	Mutation	AA_change	MT_pep	WT_pep	MT_Binding_Aff	WT_Binding_Aff	MT_Binding_level_des	WT_Binding_level_des	fold_change
chr20:47711321	HLA-A*02:01	CSE1L	ENST00000262982	A2770G	T883A	GLFELPEDDAI	GLFELPEDDTI	1.8717	2.2786	WB	NB	1.21739595021
chr1:26128567	HLA-A*02:01	SEPN1	ENST00000361547	A417G	Q121R	SLQPRLPWL	SLQPQLPWL	0.4975	0.2314	SB	SB	0.465125628141
chr10:92662039	HLA-A*02:01	RPP30	ENST00000413330	A871G	N279S	SLGSLQPLPL	NLGSLQPLPL	1.9683	3.9345	WB	NB	1.99893308947
chr7:45954522	HLA-A*03:02	IGFBP3	ENST00000381083	A902G	K264R	RGFCWCVDK	RGFCWCVDK	1.2567	1.2567	WB	WB	1.0
chr14:72200433	HLA-A*03:02	SIPA1L1	ENST00000555818	A5323G	R1659G	SLTDIQETR	SLTDIQETR	1.1441	1.1441	WB	WB	1.0
chr15:70351034	HLA-A*03:02	TLE3	ENST00000558939	A2264G	T296A	ASSSSAPSSK	ASSSSTPSSK	1.5656	1.2923	WB	WB	0.825434338273
chr15:70351034	HLA-A*03:02	TLE3	ENST00000558939	A2264G	T296A	SSSAPSSKTK	SSSTPSSKTK	1.3110	1.6238	WB	WB	1.23859649123
chr15:70351034	HLA-A*03:02	TLE3	ENST00000558939	A2264G	T296A	SSSSAPSSK	SSSSTPSSK	1.2174	1.1327	WB	WB	0.930425496961
chr15:70351034	HLA-A*03:02	TLE3	ENST00000558939	A2264G	T296A	SSAPSSKTK	SSTPSSKTK	1.9128	3.4615	WB	NB	1.80965077373
