#Position	HLA_type	Gene	Transcript_name	Mutation	AA_change	MT_pep	WT_pep	MT_Binding_Aff	WT_Binding_Aff	MT_Binding_level_des	WT_Binding_level_des	fold_change	ENSG_ID	Ensembl_ID	FPKM	cleavage_prediction_score	combined_prediction_score	tap_prediction_score	DriverGene_Lable	editing_level	immuno_score
chr1:26128567	HLA-A*02:01	SEPN1	ENST00000361547	A417G	Q121R	SLQPRLPWL	SLQPQLPWL	0.4975	0.2314	SB	SB	0.46512562814099995	ENSG00000162430	ENSG00000162430	33.4959878612	0.9612	0.93117	0.956	False	0.10344827599999999	0.003333195830090462
chr20:47711321	HLA-A*02:01	CSE1L	ENST00000262982	A2770G	T883A	GLFELPEDDAI	GLFELPEDDTI	1.8717	2.2786	WB	NB	1.21739595021	ENSG00000124207	ENSG00000124207	301.377434978	0.2967	0.72716	0.656	False	0.06329113900000001	0.0023631221008327003
chr10:92662039	HLA-A*02:01	RPP30	ENST00000413330	A871G	N279S	SLGSLQPLPL	NLGSLQPLPL	1.9683	3.9345	WB	NB	1.99893308947	ENSG00000148688	ENSG00000148688	5.0174409644699995	0.93227	0.70411	0.694	False	0.037037037	0.0009420957381913004
chr15:70351034	HLA-A*03:02	TLE3	ENST00000558939	A2264G	T296A	ASSSSAPSSK	ASSSSTPSSK	1.5656	1.2923	WB	WB	0.825434338273	ENSG00000140332	ENSG00000140332	17.3418918867	0.8989799999999999	0.53047	0.808	False	0.039370079	0.0007236448446322695
chr15:70351034	HLA-A*03:02	TLE3	ENST00000558939	A2264G	T296A	SSSSAPSSK	SSSSTPSSK	1.2174	1.1327	WB	WB	0.930425496961	ENSG00000140332	ENSG00000140332	17.3418918867	0.8989799999999999	0.50747	0.608	False	0.039370079	0.0007079454871274935
chr15:70351034	HLA-A*03:02	TLE3	ENST00000558939	A2264G	T296A	SSAPSSKTK	SSTPSSKTK	1.9128	3.4615	WB	NB	1.80965077373	ENSG00000140332	ENSG00000140332	17.3418918867	0.94555	0.469	0.65	False	0.039370079	0.0003849004506843207
chr15:70351034	HLA-A*03:02	TLE3	ENST00000558939	A2264G	T296A	SSSAPSSKTK	SSSTPSSKTK	1.311	1.6238	WB	WB	1.23859649123	ENSG00000140332	ENSG00000140332	17.3418918867	0.94555	0.51195	0.608	False	0.039370079	0.00022515129206470747
